rahulj@rahulj-HP-Notebook:~/Downloads/LabActivities/Lab10$ python Lab10.py 
Dataset size = 244

Predicted Values= 
[ 2.78433177  1.88957415  3.31783845  3.58686869  3.64717443  3.68063465
  1.85807606  3.73096541  2.48886511  2.44858655  1.88571818  4.48179984
  2.54774428  2.97984416  2.45632782  3.38650202  1.88900856  2.68111195
  2.78145872  3.2719851   2.91268196  3.2248799   2.60178263  4.44324219
  3.16253586  2.89797984  2.23353936  2.13535911  3.40021733  3.13996073
  1.86005052  2.96938314  2.4919651   3.27715333  2.89395195  3.61422627
  2.68412766  2.77569796  3.01377567  4.04717065  2.64316897  2.85042508
  2.31937567  1.86282589  3.96383383  2.96152511  3.45744744  4.18188851
  3.81445496  2.92861325  2.11465438  1.88679529  4.47838856  1.8708028
  3.69069696  3.11876048  4.3768901   3.71655926  1.95962462  6.97579684
  3.2248799   2.29961348  1.93916913  2.96152511  2.86823924  3.19707702
  2.70514288  0.96122767  3.21695225  2.48421534  2.04667404  2.79577464
  3.73030424  3.68023467  2.44084843  1.89993497  2.91268196  3.74240446
  3.50925329  2.82683242  3.11214829  2.73631887  1.87603461  4.2207908
  2.63400329  4.47908985  2.18368831  2.96021422  3.65372884  3.33643069
  3.84472057  3.4835255   1.65284779  2.68563429  3.50832456  4.47612762
  3.74555214  2.04791699  3.31783845  2.10379152  1.97058748  2.54155191
  4.15689584  3.47663176  3.30652652  2.53845493  3.251166    3.67737583
  2.95496677  2.37603452  2.32852536  1.86441397  4.37768221  3.60661093
  3.69574585  2.82962613  3.92269855  1.90951048  2.09975233  3.61558334
  2.00732752  2.2409712   2.36834848  2.6294131   2.10649488  3.91163328
  1.86130734  2.40839279  1.97365891  3.51478707  3.06475461  3.2222391
  1.95289914  2.0772424   2.9575913   1.86145696  1.88900856  2.35146862
  2.63706075  2.20259514  2.85180221  4.44342129  4.40909539  3.73682729
  2.70215131  1.86395894  3.00725326  2.02837574  1.8655057   1.87020846
  2.33922059  2.19821376  2.82263263  3.64491354  3.15589263  3.91587369
  6.86368108  3.66815213  2.23650936  2.71111482  3.3772076   2.1311848
  2.66901798  2.29961348  2.85729922  3.64319306  3.2861578   4.09533349
  1.90529278  1.90808573 10.04155639  2.60793475  1.86441397  4.11177012
  2.75975659  4.25256658  2.90868226  2.40222074  1.86102454  4.46971678
  4.47088784  3.55917521  4.52751704  3.5457588   4.46853429  3.27715333
  3.3039979   3.96923013  2.94313412  3.53974253  2.58946089  3.16120707
  3.80707155  2.5570282   2.72449493  1.87069611  1.88957415  4.10969944
  2.17935566  2.25440345  3.01638485  2.14235143  2.17935566  2.69765715
  3.25639093  2.70813074  3.72184868  4.39976849  3.62804142  2.14516032
  3.93389402  3.70140913  7.04382663  2.21874688  3.79002969  2.165003
  3.78883113  1.99609468  1.87114551  3.94084944  2.06432334  2.2409712
  1.86043552  2.63400329  2.2409712   2.67809307  1.87691379  3.24592913
  2.22022164  3.44602132  3.61079632  2.58946089  1.99831384  1.91845041
  2.56475977  1.87603461  2.12288543  4.24236082  4.45713184  3.84928205
  3.74163694  3.50082821  2.89932067  3.02551918]

